<?xml version="1.0"?>
<opencv_storage>
<intrinsic type_id="opencv-matrix">
  <rows>3</rows>
  <cols>3</cols>
  <dt>d</dt>
  <data>
    6.6897753823185406e+02 0. 3.9551940154335261e+02 0.
    6.7356893991063396e+02 2.8683113078251904e+02 0. 0. 1.</data></intrinsic>
<distortion type_id="opencv-matrix">
  <rows>1</rows>
  <cols>5</cols>
  <dt>d</dt>
  <data>
    -1.5355437931372801e-01 1.2729247305014195e+00
    -6.3955280446924495e-03 -8.1156975895661804e-03
    -4.0218527465336953e+00</data></distortion>
</opencv_storage>
